1
1
1
2
2
6
5
2
5
12
10
8
20
14
13
17
10
15
15
20
23
13
8
7
19
10
7
6
8
3
1
7
3
5
1
3
1
1
4
4
1
2
1
3
4
2
1
1
1
2
1
1
4
13
12
5
13
12
9
10
4
5
6
2
7
7
3
5
6
9
4
4
2
4
4
2
2
5
2
4
6
1
2
2
1
1
1
2
1
3
1
1
2
1
1
1
1
1
1
1
1
1
1
2
1
2
1
1
2
1
1
3
1
1
2
1
1
1
1
1
1
1
1
5
4
16
16
25
31
38
59
64
79
77
77
54
63
57
44
27
22
24
15
26
13
14
10
22
15
40
14
10
16
10
21
23
24
11
24
15
10
11
22
13
7
45
24
18
29
27
20
24
32
30
35
38
46
41
34
46
89
55
39
49
72
73
84
92
105
83
86
99
69
79
99
141
105
152
150
87
112
167
175
145
165
139
115
142
199
183
158
132
211
158
153
163
156
131
191
184
160
153
156
179
136
120
160
108
114
102
94
92
86
86
68
85
97
71
75
78
60
45
54
65
47
37
59
37
17
32
57
23
56
34
14
13
31
20
27
31
35
8
12
7
9
28
24
19
19
11
12
11
10
15
15
2
5
19
16
20
12
17
13
15
13
34
70
61
101
58
75
90
106
117
146
117
124
144
113
313
323
469
592
488
538
865
1120
1362
1115
1808
1450
1800
1868
2351
2656
16879
8143
9297
12763
13298
13236
13281
9811
7286
7627
9907
8555
7255
7269
6089
4518
4750
6105
5343
4877
4268
3590
2764
3281
4313
4118
3646
3002
2659
1975
2209
2912
2704
2740
2404
2004
1565
1852
2377
2168
2207
1832
1472
1210
1398
2038
1855
1936
1633
1197
1251
1389
1878
2533
2319
2259
2061
1459
1476
1697
2493
2570
2484
2027
1709
1969
2739
2662
2853
2396
2162
1925
2096
3003
2682
3433
2538
2443
1961
2454
3516
3340
3301
2815
2279
1716
2073
2870
2659
2583
2361
2088
1610
1948
2810
2614
2504
1947
1908
1348
1306
1750
2025
2309
1879
1469
1336
1358
1872
1731
1658
1534
1357
1013
1280
1713
1690
1654
1511
1243
1479
1819
2631
2551
2428
2351
2045
1705
2015
2921
3252
3424
3148
3231
2602
2772
3681
3638
3440
3261
2776
1972
2135
3098
3014
2975
2559
2376
1669
2134
2792
2683
2446
2396
1960
1464
1657
2322
2071
2003
1768
1615
1147
1433
2101
1885
1846
1564
1303
1049
1206
1807
1725
1670
1439
1275
845
1011
1429
1228
1084
894
811
538
622
880
876
883
669
685
407
481
806
733
666
618
567
390
439
803
632
641
583
455
328
408
693
638
