1
1
1
2
1
1
1
1
6
6
3
10
7
8
13
15
12
14
17
18
13
11
10
12
16
11
9
10
6
5
7
7
4
5
9
4
3
3
3
2
2
1
1
1
1
1
1
1
1
2
1
2
1
3
1
1
3
1
1
3
1
1
1
1
3
3
2
2
2
1
1
3
1
2
1
1
1
1
2
1
1
1
2
3
2
1
2
1
1
2
1
2
1
1
2
6
1
8
2
1
1
2
2
1
2
2
1
4
7
1
1
3
1
1
2
2
1
6
5
2
3
2
3
2
2
3
4
3
1
2
1
5
1
2
1
1
8
2
2
10
4
1
3
3
1
4
3
3
3
2
1
5
1
3
1
2
2
3
2
1
3
1
5
1
3
5
2
8
3
1
4
3
4
3
6
2
1
3
7
2
4
2
1
3
1
4
2
4
3
2
5
3
3
2
2
4
2
3
2
4
3
6
3
4
6
3
1
1
2
9
4
5
5
6
2
6
5
5
5
2
2
2
3
4
3
5
4
2
1
2
4
2
1
3
2
3
1
2
1
2
2
1
4
4
1
1
3
6
2
4
4
2
1
2
2
2
1
5
4
1
5
2
1
6
1
3
1
5
1
2
5
1
5
4
2
4
1
3
3
1
2
6
2
2
4
3
1
6
8
7
8
4
6
4
6
4
1
2
1
2
2
1
3
2
3
3
2
2
1
3
2
3
1
4
1
4
3
1
1
1
1
1
5
1
4
1
1
3
4
1
1
1
1
2
5
1
1
2
3
3
4
1
5
3
2
1
2
1
2
2
2
4
1
2
2
3
5
5
1
1
3
3
3
6
1
3
2
3
3
6
8
2
4
4
2
4
4
6
3
3
1
2
1
6
4
3
2
2
1
2
2
4
3
3
7
3
3
4
7
7
4
2
4
3
2
1
1
1
1
2
4
1
2
3
4
1
1
5
3
3
3
2
3
1
3
3
2
1
1
1
2
2
1
1
2
2
3
2
1
2
2
3
1
1
2
1
1
7
6
1
3
5
2
1
2
4
3
2
2
2
5
5
3
2
2
2
2
3
1
1
2
1
1
3
2
1
4
1
6
3
6
1
3
4
1
2
3
3
2
1
1
2
1
2
2
2
1
2
4
3
5
4
1
8
2
7
5
4
3
7
9
7
6
8
12
10
13
8
12
12
11
12
12
11
12
13
12
11
15
14
11
14
12
10
12
15
15
11
14
12
15
15
15
14
13
14
14
14
14
16
15
10
14
10
9
12
10
10
8
7
13
4
11
7
8
4
8
6
7
7
5
9
11
9
3
3
3
3
1
3
9
7
7
7
5
8
7
7
8
12
11
13
10
10
9
9
13
10
9
9
13
13
10
11
11
15
12
11
13
9
16
13
12
13
15
11
11
14
14
14
12
15
14
14
18
15
15
16
15
15
14
17
16
18
16
18
15
20
17
19
19
18
17
17
19
19
15
17
15
16
15
14
19
22
16
20
13
17
18
15
16
17
15
13
18
17
18
15
15
14
19
11
15
20
16
15
14
14
21
16
17
16
16
14
16
14
17
18
20
20
17
15
19
18
21
24
19
22
16
21
20
41
38
40
38
35
39
41
44
38
47
41
38
44
43
44
40
44
46
43
56
45
48
44
49
44
46
43
48
41
42
21
35
33
41
41
38
40
20
36
36
39
36
39
39
33
34
37
40
35
39
40
38
31
27
32
35
39
33
30
31
34
36
32
25
27
31
32
32
32
27
15
13
12
8
5
4
