1
1
1
5
2
8
11
5
12
22
17
22
25
32
25
45
23
31
39
33
35
26
16
11
27
15
14
8
9
9
7
10
7
6
4
2
4
2
2
4
4
3
3
1
3
4
2
2
1
1
2
1
1
4
13
12
5
13
12
9
10
5
5
6
2
7
7
3
5
6
9
4
4
2
4
4
2
2
5
2
4
6
1
2
2
1
1
1
5
1
2
1
3
1
1
2
1
1
1
1
1
1
1
1
1
1
1
1
1
2
1
2
1
1
2
1
1
3
1
1
2
1
1
1
1
1
1
1
1
5
4
16
20
27
36
38
60
66
79
77
78
54
63
58
44
28
22
24
15
26
13
14
10
22
15
40
14
10
16
10
21
23
24
11
24
15
10
11
22
13
7
45
24
18
29
28
25
26
40
36
38
40
48
44
36
49
89
55
40
53
75
80
88
98
116
94
90
105
73
85
103
150
112
159
154
108
115
170
179
152
168
148
121
158
226
212
170
146
221
183
164
200
176
168
206
203
182
181
188
195
157
136
172
125
134
122
107
124
99
93
85
104
111
89
82
92
72
63
75
97
76
58
72
43
27
55
78
44
80
44
25
21
65
36
53
53
46
23
29
22
17
48
35
33
32
17
22
27
19
24
26
10
13
37
29
29
28
26
20
22
25
59
103
99
142
92
111
128
154
237
239
173
211
224
155
415
443
646
690
650
705
1106
1451
1736
1617
2272
1844
2441
2791
3371
4247
22181
11494
13416
18342
20294
20914
20352
16801
13468
15248
20488
19021
17501
17403
15260
11654
12349
16971
15199
15060
12910
11693
8762
10615
14936
14044
12757
11178
9790
7377
8752
11849
11069
10597
9245
7960
6037
6938
9499
8392
7867
6598
5687
4349
4926
7245
6100
6292
5045
3618
3804
4075
5365
7264
6619
6060
5194
3612
3573
3990
6241
5914
5439
4618
3752
4344
6083
5829
5929
5047
4573
3941
4402
6433
5657
6716
5186
5041
4152
5172
7316
6972
6777
5689
4853
3619
4329
6112
5750
5470
4931
4520
3445
4201
6055
5866
5598
4442
4456
3147
3094
4116
5081
5774
4589
3739
3136
3197
4453
4076
3881
3505
3140
2295
2903
3955
3892
3706
3447
2658
3097
3954
5778
5544
5393
5042
4582
3629
4563
6737
7337
7696
6772
6845
5541
6189
8377
8268
8128
7505
6537
4554
5155
7333
7266
7213
6213
5636
4137
4836
6775
6457
5633
5558
4514
3297
3744
5155
4638
4532
3951
3497
2469
2936
4412
3960
3711
3136
2742
2114
2502
3636
3458
3514
2955
2589
1700
2063
2837
2413
2112
1793
1651
1079
1217
1878
1721
1616
1394
1298
847
951
1595
1435
1276
1169
1089
720
876
1570
1234
1261
1073
902
707
814
1441
1306
