1
1
2
2
1
1
1
1
1
7
12
5
18
11
24
44
41
58
84
79
75
72
74
52
77
73
82
75
77
70
53
37
28
44
27
25
20
11
16
11
17
12
10
10
3
6
5
5
6
6
3
3
1
2
3
6
1
2
2
1
1
1
3
1
1
1
2
1
2
1
3
2
1
3
1
1
5
1
1
1
1
3
3
2
2
3
1
1
3
1
2
2
1
1
1
2
1
1
2
2
3
2
5
15
12
5
14
12
9
11
5
7
7
4
8
7
4
7
6
18
4
5
14
6
5
3
5
7
3
6
6
3
2
2
2
1
5
12
3
3
1
3
3
2
1
2
2
1
6
6
2
4
2
3
2
3
3
4
3
1
2
1
5
1
4
1
1
22
4
3
18
4
1
3
6
1
6
5
3
5
1
3
1
1
6
1
4
1
3
4
3
3
1
3
1
8
1
4
6
2
10
3
1
7
3
4
3
6
3
2
3
9
2
6
2
2
3
1
5
4
4
4
2
7
4
5
2
3
6
2
3
3
6
4
7
3
6
8
3
1
2
2
18
4
8
9
6
2
8
6
6
5
2
2
2
4
4
3
6
6
2
1
6
5
2
1
4
3
4
2
2
1
2
2
1
4
2
5
1
2
5
7
2
1
5
7
2
2
1
4
3
4
1
6
9
1
7
3
1
8
1
3
1
7
1
2
7
1
6
6
5
7
3
5
3
1
2
10
2
2
5
4
1
7
10
7
19
5
8
6
8
4
1
2
3
2
2
2
1
4
2
4
4
2
2
1
4
3
4
1
4
1
5
3
1
1
1
1
1
5
1
6
1
1
3
4
2
1
1
1
2
5
2
1
2
3
4
6
1
5
4
3
1
2
1
2
2
2
4
1
2
3
3
6
5
1
1
3
3
3
9
1
5
2
3
3
15
22
2
6
4
3
6
8
6
5
3
1
2
1
6
4
4
2
2
1
2
4
12
3
3
8
3
3
4
12
12
20
22
31
39
40
62
67
81
78
78
56
63
58
48
29
24
27
19
27
14
22
13
25
18
42
17
11
20
14
23
24
25
11
25
17
12
12
23
15
9
45
27
18
29
28
27
27
42
38
41
40
49
44
37
51
90
55
40
54
82
86
90
102
116
101
92
105
74
87
111
153
117
162
156
113
120
173
181
154
170
150
124
159
226
214
172
147
221
183
165
202
176
172
208
205
186
182
195
198
166
137
175
131
137
133
111
128
102
99
88
107
113
93
87
97
72
65
77
101
80
67
77
45
37
58
86
51
86
47
37
35
74
47
66
71
65
53
48
46
58
74
64
64
61
52
68
58
47
53
89
31
81
66
60
78
72
75
78
65
59
121
157
166
190
135
176
182
205
282
288
212
233
289
186
450
470
678
721
687
752
1192
1547
1909
1770
2513
2097
2850
3443
3962
5402
24323
12769
14590
19900
22240
23171
22537
18875
15241
17492
23941
22490
21030
21064
18728
14523
15591
21657
19513
19603
17108
15628
12041
14494
20973
20161
18499
15942
14204
10685
12547
17220
15993
15319
13561
11695
8853
10269
14221
12685
11745
10041
8595
6790
7684
11218
9588
9707
7896
5815
6010
6329
8455
11383
10413
9523
8052
5755
5784
6519
10048
9254
8418
7221
5828
6807
9332
8813
8871
7561
6927
5810
6553
9448
8209
9631
7631
7227
5913
7226
10095
9784
9362
8050
6857
5148
6150
8679
8396
7839
7125
6527
4960
5991
8709
8471
8134
6441
6503
4536
4556
5980
7338
8237
6540
5335
4570
4623
6426
5810
5703
5086
4577
3367
4193
5878
5762
5546
5041
4010
4613
5773
8377
8131
7861
7408
6825
5480
6583
9829
10560
10935
9566
9556
7769
8690
11844
11780
11712
10795
9527
6790
7704
10749
10679
10339
9056
8064
6121
7019
9681
9128
7932
7911
6466
4693
5329
7360
6704
6338
5500
4893
3648
4051
6113
5401
5002
4282
3721
2910
3419
4971
4666
4621
3892
3412
2335
2728
3819
3284
2898
2483
2271
1462
1693
2570
2343
2203
1891
1705
1157
1336
2138
1893
1736
1548
1462
1008
1189
2021
1596
1589
1326
1147
885
1023
1819
1621
1
