1
1
1
1
1
1
1
2
1
1
4
2
2
2
5
3
2
4
6
3
26
18
21
21
24
30
26
23
19
16
21
25
20
22
22
14
13
25
25
19
15
11
9
15
26
21
27
18
13
14
12
26
29
48
30
34
18
27
59
57
58
51
44
38
41
92
53
69
56
35
30
33
69
81
77
66
57
41
43
66
109
92
84
87
69
65
86
136
110
92
82
68
60
127
97
110
91
77
66
75
110
97
109
105
97
70
69
114
115
116
113
81
61
85
143
138
111
103
107
70
65
98
141
157
126
97
78
99
151
133
114
125
99
78
97
127
143
118
107
74
83
90
181
136
154
154
135
98
119
195
206
216
182
190
140
159
221
235
224
236
214
174
173
258
237
248
217
205
157
171
256
249
234
238
197
165
166
248
227
216
217
183
143
164
222
217
188
192
177
130
145
208
205
217
199
178
123
157
220
176
178
159
148
87
109
187
171
159
137
126
83
104
173
141
153
131
129
71
89
146
124
147
120
92
61
74
132
113
