2
1
3
4
8
6
10
8
18
12
16
8
10
14
25
21
28
26
20
13
8
13
6
2
7
2
4
4
4
2
2
4
1
2
2
2
2
1
2
1
1
1
1
1
2
2
1
1
1
1
1
2
2
9
1
1
1
5
2
1
1
2
3
3
1
2
1
1
1
3
2
2
1
1
1
1
1
8
1
1
2
3
6
1
1
1
3
2
2
1
6
2
3
4
4
11
16
20
37
59
92
157
142
228
246
394
639
581
1137
2130
1255
1152
1542
1937
2239
2175
2061
1764
2236
3430
3454
3510
3647
3451
2852
3224
4671
4290
4512
4172
3901
3250
3845
6001
6070
5696
4738
4375
3281
3755
5322
4888
4683
4274
3696
2789
3309
4680
4256
3833
3387
2879
2408
2719
3928
3442
3357
2792
2141
2160
2210
3038
4051
3719
3400
2798
2092
2144
2463
3718
3245
2898
2519
2005
2358
3119
2848
2835
2425
2263
1787
2088
2930
2466
2824
2360
2116
1680
2000
2704
2714
2492
2255
1913
1460
1756
2494
2559
2286
2098
1941
1465
1734
2567
2508
2432
1924
1962
1335
1398
1807
2180
2358
1856
1521
1355
1353
1884
1657
1707
1512
1374
1013
1223
1848
1782
1726
1467
1243
1416
1703
2449
2378
2245
2141
2069
1660
1862
2886
2970
2856
2514
2445
1928
2212
3146
3156
3244
2948
2670
1947
2200
3056
3012
2742
2472
2081
1642
1805
2470
2267
1985
2030
1702
1160
1329
1924
1792
1592
1338
1287
950
950
1490
1204
1086
979
883
640
747
1164
1024
944
792
699
513
528
840
718
641
521
483
291
379
567
511
441
392
307
225
278
423
347
370
310
283
218
230
370
303
292
231
227
167
203
373
315
