1
5
2
2
1
1
2
1
4
1
2
3
3
7
4
1
1
1
1
3
1
1
2
1
1
1
4
2
5
1
2
1
1
1
1
1
1
2
1
1
1
2
1
1
1
1
2
1
1
5
4
6
3
5
6
7
12
18
18
16
14
52
42
65
65
75
104
109
179
216
352
818
685
881
1060
1595
2127
1936
1891
1818
2380
2845
2942
2962
2804
2483
1983
1950
2577
2095
2282
1777
1625
1240
1534
2192
1998
1837
1637
1344
1087
1379
1657
1654
1606
1365
1196
1013
1137
1397
1251
1184
1008
945
713
886
1044
989
1043
775
580
621
651
804
1064
965
835
707
547
498
586
925
834
750
636
517
610
835
865
831
681
659
635
685
868
694
864
648
691
608
695
868
889
861
770
648
490
629
838
867
777
758
712
588
752
943
1020
945
811
803
625
626
794
970
1259
938
760
643
597
784
749
698
614
573
465
588
731
825
752
640
529
590
772
1064
1040
928
864
800
659
829
1189
1362
1263
1059
1027
860
1014
1259
1219
1282
1176
980
731
827
1132
1203
1278
1049
931
765
791
1081
1066
838
838
677
514
612
718
717
611
563
465
346
343
480
426
400
311
288
193
280
359
342
447
313
264
179
218
250
271
214
192
189
129
145
205
200
155
170
170
121
116
157
149
157
117
113
69
92
169
125
147
104
117
88
102
192
161
